0 -9
1 -11.7
2 -6.2
3 -6.1
4 -7.5
5 -2.8
6 -5.4
7 -4.8
8 -4.4
9 -3.4
10 -4.2
11 -1.4
12 -3.8
13 -5.1
14 -3.8
15 -9.2
16 -6.2
17 -5.5
18 -3.1
19 -4.5
20 -1.7
21 -3.8
22 -3.8
23 -4.5
24 -2.5
25 -8.5
26 0.5
27 0.5
28 1.5
29 -4.9
30 -3.7
31 -8
32 -9
33 -11.7
34 -6.2
35 -6.1
36 -7.5
37 -2.8
38 -5.4
39 -4.8
40 -4.4
41 -3.4
42 -4.2
43 -1.4
44 -3.8
45 -5.1
46 -3.8
47 -9.2
48 -6.2
49 -5.5
50 -3.1
51 -4.5
52 -1.7
53 -3.8
54 -3.8
55 -4.5
56 -2.5
57 -8.5
58 0.5
59 9.5
60 8.5
61 8.1
62 13.3
63 5
64 -2.3
65 0.4
66 0.7
67 -1
68 0.4
69 2.1
70 -0.3
71 -1
72 -1.3
73 -1.3
74 0
75 -1.3
76 -1.3
77 0.4
78 0.4
79 -3
80 -1.6
81 0.4
82 0.7
83 0.7
84 2.1
85 1.1
86 0.7
87 1
88 -1
89 -4
90 2.7
91 -1
92 -2.7
93 -0.3
94 2.8
95 -3.4
96 -2.3
97 0.4
98 0.7
99 -1
100 0.4
101 2.1
102 -0.3
103 -1
104 -1.3
105 -1.3
106 0
107 -1.3
108 -1.3
109 0.4
110 0.4
111 -3
112 -1.6
113 0.4
114 0.7
115 0.7
116 2.1
117 1.1
118 0.7
119 1
120 -1
121 -4
122 2.7
123 0
124 -1.7
125 -0.3
126 2.8
127 -1.4
128 1
129 -0.3
130 -1.3
131 -1
132 0
133 -2.7
134 1.7
135 1.4
136 1.7
137 0
138 0.4
139 -0.7
140 -3
141 -1.7
142 -2
143 0.7
144 1
145 0.0999999
146 1.7
147 -0.6
148 -1
149 -3.7
150 -1.6
151 -3.7
152 1.4
153 -0.3
154 0.0999999
155 2.1
156 1.1
157 -1
158 0.7
159 1.4
160 1
161 -0.3
162 -1.3
163 -1
164 0
165 -2.7
166 1.7
167 1.4
168 1.7
169 0
170 0.4
171 -0.7
172 -3
173 -1.7
174 -2
175 0.7
176 1
177 0.0999999
178 1.7
179 -0.6
180 -1
181 -3.7
182 -1.6
183 -3.7
184 1.4
185 -0.3
186 0.0999999
187 -0.9
188 -1.9
189 -2
190 -0.3
191 -0.6
192 0.0999999
193 -0.2
194 0.4
195 -0.3
196 -0.6
197 -0.6
198 1.1
199 -1.3
200 0.7
201 1.4
202 1.4
203 0.7
204 2.4
205 0
206 -2
207 -1
208 -1
209 -1.7
210 -1
211 -0.6
212 -0.3
213 1.7
214 1.7
215 -0.3
216 0.4
217 -0.3
218 -2.7
219 -3.7
220 -3.3
221 -1.3
222 -0.3
223 -0.6
224 0.0999999
225 -0.2
226 0.4
227 -0.3
228 -0.6
229 -0.6
230 1.1
231 -1.3
232 0.7
233 1.4
234 1.4
235 0.7
236 2.4
237 0
238 -2
239 -1
240 -1
241 -1.7
242 -1
243 -0.6
244 -0.3
245 1.7
246 1.7
247 -0.3
248 0.4
249 -0.3
250 -2.7
251 -5.7
252 -1.3
253 -0.3
254 -0.3
255 1.4
256 0.5
257 -1.6
258 -1.3
259 -1.3
260 -3
261 -0.9
262 -0.9
263 -2.6
264 -1.6
265 -1.9
266 -0.9
267 -0.9
268 2.8
269 0.0999999
270 1.8
271 0.0999999
272 -2.9
273 -5
274 -1.6
275 -1.3
276 -0.6
277 3.5
278 2.5
279 1.1
280 -0.6
281 1.4
282 -1
283 -4.3
284 -1.3
285 0.4
286 -1
287 0.7
288 0.5
289 -1.6
290 -1.3
291 -1.3
292 -3
293 -0.9
294 -0.9
295 -2.6
296 -1.6
297 -1.9
298 -0.9
299 -0.9
300 2.8
301 0.0999999
302 1.8
303 0.0999999
304 -2.9
305 -5
306 -1.6
307 -1.3
308 -0.6
309 3.5
310 2.5
311 1.1
312 -0.6
313 1.4
314 -1
315 -2.3
316 -3.3
317 -2.6
318 -4
319 -0.3
320 1.1
321 0.8
322 -0.2
323 1.8
324 -0.3
325 -1.3
326 0.4
327 0.0999999
328 -0.3
329 -0.3
330 0.4
331 -1.3
332 -1.6
333 -1.3
334 -0.3
335 -0.3
336 0.4
337 1.1
338 -1.6
339 -2.3
340 -0.3
341 -0.3
342 0.7
343 0.0999999
344 2.1
345 -0.3
346 0.7
347 -3
348 -2.6
349 -4
350 -3.3
351 -1
352 1.1
353 0.8
354 -0.2
355 1.8
356 -0.3
357 -1.3
358 0.4
359 0.0999999
360 -0.3
361 -0.3
362 0.4
363 -1.3
364 -1.6
365 -1.3
366 -0.3
367 -0.3
368 0.4
369 1.1
370 -1.6
371 -2.3
372 -0.3
373 -0.3
374 0.7
375 0.0999999
376 2.1
377 -0.3
378 0.7
379 -3
380 -0.6
381 -1
382 -4.3
383 -4
384 -0.9
385 -0.6
386 -1.3
387 1.5
388 -2.2
389 -3.9
390 -3.6
391 -1.6
392 -1.6
393 1.5
394 3.2
395 -1.5
396 -1.9
397 -11.9
398 -29.6
399 -122.3
400 -164.5
401 -218.2
402 -220.2
403 -208.3
404 -136.9
405 -50.4
406 29.7
407 99
408 120
409 126.1
410 99.6
411 84.5
412 41.4
413 27.7
414 16
415 8.6
416 -0.9
417 -0.6
418 -1.3
419 1.5
420 -2.2
421 -3.9
422 -3.6
423 -1.6
424 -1.6
425 1.5
426 3.2
427 -1.5
428 -1.9
429 -11.9
430 -29.6
431 -122.3
432 -164.5
433 -218.2
434 -220.2
435 -208.3
436 -136.9
437 -50.4
438 29.7
439 99
440 120
441 126.1
442 99.6
443 77.5
444 36.4
445 22.7
446 14
447 8.6
448 4
449 1.9
450 0.2
451 -1.1
452 -3.2
453 -2.9
454 1.1
455 -1.2
456 1.2
457 1.2
458 -0.5
459 -4.3
460 -2.2
461 1.1
462 1.1
463 1.8
464 1.5
465 -0.5
466 -1.3
467 -3.3
468 -3.3
469 -0.6
470 0.8
471 -1.6
472 0.8
473 -0.2
474 0.4
475 -8.6
476 -4.9
477 -4.6
478 -4.9
479 -3.3
480 4
481 1.9
482 0.2
483 -1.1
484 -3.2
485 -2.9
486 1.1
487 -1.2
488 1.2
489 1.2
490 -0.5
491 -4.3
492 -2.2
493 1.1
494 1.1
495 1.8
496 1.5
497 -0.5
498 -1.3
499 -3.3
500 -3.3
501 -0.6
502 0.8
503 -1.6
504 0.8
505 -0.2
506 0.4

