1 9 -15
2 14 -15
3 17 -15
4 15 -13
5 16 -19
6 18 -10
7 16 -10
8 18 -9
9 18 -14
10 14 -17
11 18 -15
12 16 -16
13 17 -18
14 16 -16
15 14 -18
16 14 -18
17 15 -14
18 17 -18
19 15 -16
20 19 -17
21 16 -16
22 16 -14
23 15 -14
24 15 -15
25 15 -17
26 15 -15
27 15 -19
28 15 -16
29 13 -16
30 19 -15
31 10 -15
32 10 -15
33 9 -15
34 14 -15
35 17 -15
36 15 -13
37 16 -19
38 18 -10
39 16 -1
40 18 -2
41 18 -1
42 14 -0
43 18 -2
44 16 -3
45 17 -1
46 16 -0
47 14 -1
48 14 -1
49 15 -0
50 17 -1
51 15 -1
52 19 -2
53 16 -2
54 16 -0
55 15 -2
56 15 -2
57 15 -1
58 15 -1
59 15 -3
60 15 -3
61 13 -1
62 19 -0
63 10 -0
64 1 -0
65 2 -1
66 1 -0
67 0 1
68 2 -1
69 3 -4
70 1 2
71 0 -1
72 1 -2
73 1 -1
74 0 -0
75 1 -2
76 1 -3
77 2 -1
78 2 -0
79 0 -1
80 2 -1
81 2 -0
82 1 -1
83 1 -1
84 3 -2
85 3 -2
86 1 -0
87 0 -2
88 0 -2
89 0 -1
90 1 -1
91 0 -3
92 -1 -3
93 1 -1
94 4 -0
95 -2 -0
96 1 -0
97 2 -1
98 1 -0
99 0 1
100 2 -1
101 3 -4
102 1 2
103 0 -0
104 1 -1
105 1 -1
106 0 -0
107 1 -0
108 1 1
109 2 -1
110 2 -2
111 0 -1
112 2 -0
113 2 -2
114 1 1
115 1 -0
116 3 1
117 3 -0
118 1 -1
119 0 -0
120 0 -3
121 0 -1
122 1 -2
123 0 -0
124 -1 1
125 1 -2
126 4 1
127 -2 -2
128 0 -1
129 1 -3
130 1 -3
131 0 -3
132 0 -0
133 -1 -1
134 1 -2
135 2 -0
136 1 -1
137 0 -1
138 2 -0
139 -1 -0
140 0 1
141 -1 -1
142 0 -2
143 1 -1
144 0 -0
145 3 -2
146 1 1
147 2 -0
148 0 1
149 -1 -0
150 2 -1
151 -1 -0
152 2 -3
153 1 -1
154 3 -2
155 3 -0
156 3 1
157 0 -2
158 1 1
159 2 -2
160 0 -1
161 1 -3
162 1 -3
163 0 -3
164 0 -0
165 -1 -1
166 1 -2
167 2 -3
168 1 -4
169 0 -2
170 2 -1
171 -1 -2
172 0 -2
173 -1 -3
174 0 -1
175 1 -1
176 0 -2
177 3 -2
178 1 -1
179 2 -2
180 0 -0
181 -1 -0
182 2 -0
183 -1 -0
184 2 1
185 1 -0
186 3 -2
187 3 -1
188 3 -1
189 0 -1
190 1 -1
191 2 -2
192 3 -1
193 4 1
194 2 1
195 1 -1
196 2 -1
197 2 -1
198 3 -2
199 1 -3
200 1 -4
201 2 -2
202 2 -1
203 1 -2
204 2 -2
205 0 -3
206 0 -1
207 0 -1
208 0 -2
209 -1 -2
210 0 -1
211 2 -2
212 1 -0
213 1 -0
214 1 -0
215 1 -0
216 2 1
217 1 -0
218 -1 -2
219 -1 -1
220 1 -1
221 1 -1
222 1 -1
223 2 -2
224 3 -1
225 4 1
226 2 1
227 1 -1
228 2 -1
229 2 -1
230 3 -2
231 1 -5
232 1 -2
233 2 -1
234 2 -1
235 1 -0
236 2 -3
237 0 -3
238 0 -2
239 0 -2
240 0 -3
241 -1 -3
242 0 -3
243 2 -4
244 1 -3
245 1 -4
246 1 -3
247 1 -3
248 2 -0
249 1 -2
250 -1 -1
251 -1 -2
252 1 -5
253 1 -5
254 1 -3
255 2 -2
256 5 -2
257 2 -0
258 1 -1
259 1 -1
260 0 -2
261 3 -0
262 3 -1
263 2 -5
264 2 -2
265 3 -1
266 3 -1
267 3 -0
268 4 -3
269 3 -3
270 4 -2
271 3 -2
272 3 -3
273 0 -3
274 2 -3
275 1 -4
276 2 -3
277 5 -4
278 5 -3
279 3 -3
280 2 -0
281 2 -2
282 0 -1
283 1 -2
284 1 -5
285 2 -5
286 0 -3
287 1 -2
288 5 -2
289 2 -0
290 1 -1
291 1 -1
292 0 -2
293 3 -0
294 3 -1
295 2 -3
296 2 -4
297 3 -4
298 3 -4
299 3 -1
300 4 -1
301 3 -2
302 4 -3
303 3 -1
304 3 -1
305 0 -2
306 2 -1
307 1 -2
308 2 -1
309 5 -1
310 5 -1
311 3 -2
312 2 -3
313 2 -2
314 0 -1
315 1 -1
316 1 -1
317 2 -1
318 0 -3
319 1 -3
320 3 -1
321 4 -1
322 4 -0
323 4 -2
324 1 -0
325 1 -1
326 2 -0
327 3 -3
328 1 -4
329 1 -4
330 2 -4
331 1 -1
332 2 -1
333 1 -2
334 1 -3
335 1 -1
336 2 -1
337 3 -2
338 2 -1
339 1 -2
340 1 -1
341 1 -1
342 1 -1
343 3 -2
344 3 -3
345 1 -2
346 1 -1
347 0 -1
348 2 -1
349 0 -1
350 1 -3
351 0 -3
352 3 -1
353 4 -1
354 4 -0
355 4 -2
356 1 -0
357 1 -1
358 2 -0
359 3 -3
360 1 -2
361 1 -1
362 2 -5
363 1 -4
364 2 -3
365 1 -2
366 1 -2
367 1 -2
368 2 -5
369 3 -6
370 2 -5
371 1 -3
372 1 -3
373 1 -2
374 1 -1
375 3 -5
376 3 -4
377 1 -14
378 1 -31
379 0 -123
380 2 -168
381 0 -221
382 1 -230
383 0 -230
384 3 -223
385 2 -168
386 1 -125
387 5 -62
388 4 -41
389 3 -30
390 2 -18
391 2 -3
392 2 -2
393 5 -1
394 6 -5
395 5 -4
396 3 -3
397 3 -2
398 2 -2
399 1 -2
400 5 -5
401 4 -6
402 14 -5
403 31 -3
404 123 -3
405 168 -2
406 221 -1
407 230 -5
408 230 -4
409 223 -14
410 168 -31
411 125 -123
412 62 -168
413 41 -221
414 30 -230
415 18 -230
416 3 -223
417 2 -168
418 1 -125
419 5 -62
420 4 -41
421 3 -30
422 2 -18
423 2 -10
424 2 -7
425 5 -6
426 6 -7
427 5 -4
428 3 -3
429 3 -3
430 2 -4
431 1 -6
432 5 -6
433 4 -5
434 14 -1
435 31 -4
436 123 -3
437 168 -3
438 221 -4
439 230 -5
440 230 -5
441 223 -1
442 168 -1
443 125 -1
444 62 -2
445 41 -4
446 30 -2
447 18 -4
448 10 -4
449 7 -2
450 6 -2
451 7 -3
452 4 -2
453 3 -3
454 3 -1
455 4 -10
456 6 -7
457 6 -6
458 5 -7
459 1 -4
460 4 -3
461 3 -3
462 3 -4
463 4 -6
464 5 -6
465 5 -5
466 1 -1
467 1 -4
468 1 -3
469 2 -3
470 4 -4
471 2 -5
472 4 -5
473 4 -1
474 2 -1
475 2 -1
476 3 -2
477 2 -4
478 3 -2
479 1 -4
480 10 -4
481 7 -2
482 6 -2
483 7 -3
484 4 -2
485 3 -3
486 3 -1

